2.2681121642188766
2.2644890631673813
2.2611214269670157
2.2578678450084237
2.2548167207609304
2.2516794819919506
2.2486452701910586
2.2454947815879347
2.242574311805201
2.2393322906223045
2.236478850272056
2.2334977971090435
2.230784233586136
2.2281137676761356
2.2255462526806715
2.2230361378584296
2.220526965635375
2.217929016593383
2.21546005032188
2.2128917796705623
2.2105561153765168
2.208211206228196
2.205734738519464
2.2033716321664834
2.201173628721882
2.1987322869261914
2.196363122322988
2.193976271711789
2.1916064032607494
2.1892734997799743
2.187067394440709
2.1847301521642954
2.182557227172065
2.1801891834011338
2.177879384012832
2.175484246120781
2.1732153981051034
2.17103847403011
2.1689464473193776
2.166817575535945
2.164493469038509
2.16233072240061
2.1600986170476664
2.157924906935871
2.1557458225103905
2.1535447022207506
2.1515547353593663
2.1493976958966723
2.1471647754677816
2.145083295166871
2.142922559815269
2.1408093098542893
2.138691607689021
2.1365850410708545
2.1342982279017138
2.132067214769303
2.1298553128934783
2.1277371500985
2.1255018451465597
2.1233093806094203
2.121020398526465
2.1187050156414347
2.1163723484711543
2.114005606209447
2.1117275117481284
2.10939108476546
2.1070648420213
2.104998392958522
2.1025413230071135
2.1002824033049254
2.0982284497658314
2.0959725158876985
2.0937730747671175
2.0915911294183536
2.0893137643992166
2.086970204122505
2.0845810501443407
2.0824529117526085
2.0799718927569577
2.07724006801912
2.0749042117788346
2.0724426152168327
2.0698686543519353
2.067513587875269
2.064826567580748
2.0621668410296095
2.059574263332617
2.0568173850616507
2.054158788060746
2.051454536543102
2.0487955933682858
2.0462448910761504
2.043764822880414
2.0409602058242795
2.0378718353337493
2.0349559343960855
2.0322060135337017
2.0291219242222125
2.0260804560806784
2.02324043744711
2.02045037956225
2.0177712646221315
2.0146884063543826
2.011879477452863
2.008983939985331
2.0062370777183998
2.0033930066818124
2.0005687890169748
1.99774201712482
1.9947332294867839
1.991843523603541
1.989105332930622
1.9860224104733966
1.9832278354043094
1.9801153014063946
1.9772742022893197
1.9742129088273033
1.9711902307881162
1.9681118007879206
1.9650127295386526
1.9618778760121216
1.9586492930940522
1.955386827743764
1.95217078525017
1.94901251883318
1.9457668014817542
1.9425791285230933
1.9390924553025795
1.9359335208821278
1.932690655660235
1.9293417339129317
1.9260552706469496
1.9227703629698758
1.9194972784201467
1.9161342505234185
1.9126301258602303
1.9093106753111582
1.9055987998316517
1.9019193312455163
1.8979862119872393
1.8942606775130186
1.8904966479899499
1.8864920621455172
1.882536779945657
1.8789578940360212
1.8750237722797798
1.8708972050575727
1.8670250512338362
1.8632337488959876
1.8592753823957828
1.8553942918671968
1.8512890488076412
1.847344168856591
1.843424879914103
1.8394725154832994
1.8354789313164375
1.8316146718507045
1.827667316227199
1.8235262584018739
1.819494787766083
1.8152910176972217
1.8112134271206064
1.8072626631028772
1.8028712888809086
1.798923345962217
1.7946391723073067
1.7906884964950336
1.786577244015925
1.7823445606714496
1.7783222974452737
1.7741408659752005
1.770093241950366
1.7657017944488511
1.7614347891366726
1.7574095404084613
1.7532378565360833
1.7487143272655874
1.744453024229245
1.7399609212392366
1.7355339987635972
1.7309814121334395
1.726598090177615
1.7219626534165529
1.7177939698797278
1.7129111284639233
1.7083332216784524
1.7037895674939905
1.6995040273350543
1.69470980386927
1.690148948119416
1.6854027734019776
1.6809243790277821
1.6764362360292058
1.6720533042533432
1.667245486762074
1.6626639106760066
1.6579021408813
1.6533801106206145
1.6485662097207032
1.6436872915665552
1.638755197777862
1.6340126746877484
1.6288787927657644
1.6240649878933833
1.6189299973877223
1.6140174779148055
1.6092300393242691
1.6044896363121866
1.5994922519782722
1.5944913031064962
1.5895842848851511
1.5846590913804037
1.5796965065179835
1.5749256822574478
1.5700046747053302
1.5648331136802889
1.5597210377231463
1.5547241879564972
1.5500213313327786
1.5447465463971721
1.5400504123174592
1.5348203853278692
1.5297825019366404
1.5247120959652976
1.5199098845012018
1.5144691689786018
1.5092640478084123
1.504216057766766
1.4990307237544023
1.494036251798064
1.4888234273747734
1.4838305325049541
1.4783550467011242
1.4732279308608318
1.4679513352849582
1.4627921037728502
1.4576101357694142
1.4523117169343451
1.447144321934473
1.4418899028115633
1.4366457017956056
1.4315628434681575
1.4262395054192847
1.421253330097497
1.4157597953266783
1.4107599418121577
1.4055191075340847
1.4003050092189802
1.3951428086451956
1.390263385192119
1.384985181815737
1.3799163837516573
1.3744364882808473
1.3692470201567941
1.3640655872290315
1.3588471671144384
1.3535491426756827
1.3484181027550648
1.343047271127702
1.337828921954783
1.3327041112862246
1.3274804281146726
1.3223937274457627
1.3172072045442642
1.3118298696096402
1.3066308125449067
1.3013890212438213
1.2962204675466493
1.2911851377158354
1.2859709605522027
1.281005151368843
1.2759223845968282
1.270675077430098
1.265644614792379
1.2603131447802274
1.2549449046426897
1.2499481532592474
1.2446694736338153
1.2395667893152296
1.234341193913792
1.2291817526740094
1.2240561368696525
1.2188637132971478
1.213685076620213
1.2086013817437324
1.2031465827264813
1.19789773160563
1.1925470282153394
1.1871202576045765
1.1819188815070496
1.176323181982537
1.1710066644777979
1.1653961511271258
1.160086976639644
1.1548015435526762
1.1494380531846768
1.1441055083766858
1.1389341368530599
1.133427796008792
1.1279439379902325
1.1223878386517536
1.1169927622668732
1.1115302081496987
1.1060870469369184
1.1007142561006804
1.0953721681003414
1.0899969509134935
1.0846830078811132
1.0791645240798202
1.0738100703950697
1.0685935659050292
1.0634932190874575
1.0579611179800423
1.0527076702002982
1.0475702183930793
1.0422032748923915
1.0368180098299484
1.0316055530227186
1.0263908931592927
1.021238018513368
1.0159891060984225
1.0109564810693636
1.0057796916316417
1.000783393506721
0.9954132447864907
0.9903062717888617
0.9851151272643305
0.9799860038527534
0.9747585842650224
0.9699843267947426
0.964832735671731
0.9596899030308459
0.9544788161198007
0.9493542186590576
0.9443882045717024
0.9395332035285515
0.9343769619577442
0.929220865813132
0.9241667395609016
0.9189237931918607
0.9139671719421416
0.9091277282560689
0.9039450252485886
0.8990760377158186
0.8939876068503538
0.8889597115233837
0.8841149017366361
0.8789999302951237
0.8740016017173927
0.8690345855905248
0.8642231648413292
0.8591087998101832
0.8542300105628199
0.8492721821659757
0.8443040232664089
0.8393630435048115
0.834481932279066
0.8296968652655977
0.8251151351069093
0.820104014288319
0.8151634334483905
0.8103988162469153
0.8060079980865386
0.8011738196559355
0.7963951277502451
0.7916612984077891
0.7870561620495049
0.7824401476011482
0.7776719683734576
0.773179187283411
0.7685526361672562
0.7641142679247267
0.7596056277360583
0.7549103750818913
0.7503437363062087
0.7458423401591638
0.7414083275987312
0.737112902468853
0.7326759931606487
0.7286378066375936
0.7239609292104539
0.7198232516509072
0.7155413731086134
0.7114573955407735
0.707012980195656
0.7027675091053052
0.6984701885061481
0.6943894652661886
0.6903937069938868
0.6861335235646624
0.6820687813875429
0.6782398215819107
0.6739403957204629
0.6699443753187905
0.665952476125292
0.6620665743087859
0.6582196948561423
0.6542652116821062
0.650312105710794
0.6465026729344353
0.6425744209296488
0.6387405875636467
0.6350793566842576
0.6313537351077438
0.6274944554082575
0.6239667601808689
0.6201783137352
0.6164771293221827
0.6129430243828916
0.6093953913344864
0.6056364838668639
0.6019822957796881
0.5985250220802028
0.595150844278785
0.5915438781023401
0.587959988576758
0.5845189597329615
0.581102822428029
0.5777581031616548
0.5743216244160891
0.5708976694082726
0.5676685022314445
0.5642911344354511
0.5610819504100668
0.5579644185913705
0.5545101120735814
0.5512587768913362
0.5481752051460304
0.5450077108812499
0.5418757342138381
0.5387004964007196
0.535662481738884
0.5324456650246021
0.5294484458974237
0.5263700783468405
0.5234815798252836
0.520411051411139
0.5174273710189042
0.5144608016349816
0.5115996639687689
0.5086650954493621
0.505776681155704
0.502735890237403
0.4999791181924892
0.49710641894968133
0.4944108824806223
0.491487249971377
0.4887230447307716
0.485920129187833
0.48330871676638526
0.48046383854681524
0.47789495995354797
0.47515517850360967
0.47256838847315147
0.4697626730524451
0.46713281151876435
0.46453763221818445
0.46193800855436845
0.4594571840777252
0.4568660116738247
0.45428441086352445
0.4517412394567505
0.44922921215975353
0.4468211175698264
0.4442801278153482
0.441834670532353
0.4393536216430206
0.4369782684765009
0.43449968195128674
0.432135775361023
0.4297700252497818
0.42741360253046556
0.4250320497978266
0.422677896064888
0.42032425538289014
0.41796162966018413
0.415737648592585
0.41346154413953756
0.411236579127475
0.4089356741565685
0.4066872971833962
0.40443516853627337
0.402349165193569
0.40014492866042095
0.3979672029215635
0.3957597209676393
0.3936277710279436
0.39148933738851877
0.38937426122064406
0.38731309823167936
0.38520737101101654
0.383096977871278
0.38108473779425994
0.37894813454024107
0.37698167059771076
0.374900974674306
0.37291783015254165
0.37094214323530944
0.36894151688923216
0.3669884149657149
0.36499810100476965
0.3630863596195808
0.36106492628274156
0.35919516629756115
0.35727219526345755
0.35536015539301524
0.3534515656716043
0.3515901143300946
0.3496804095951798
0.34783166043790803
0.3460130675198187
0.3441858924718927
0.34236225430144535
0.34053297773363056
0.33870907505132164
0.3369960090888725
0.33512987668504174
0.3334032505605014
0.3316062859131077
0.329907539508913
0.3281557892918995
0.3264315873616311
0.3247129577507523
0.323005244401974
0.3212796818996696
0.31966280570871597
0.31797851778027264
0.3163432341003355
0.3146418244921264
0.3129985046613028
0.3114346218642768
0.30978462858437444
0.30814824263193485
0.30654224818578457
0.3049600706728646
0.30342089298994424
0.3018603933273421
0.3002869869226545
0.2987588103698157
0.29717121591712525
0.2956913024777706
0.294158017442254
0.292656964206382
0.2911816713125542
0.2896451768331262
0.288143483867855
0.2866799487815729
0.28523167970209556
0.28377203353401226
0.2823559717913078
0.280919203667581
0.27947819145481123
0.2780566068817603
0.276612028527114
0.27522846323239347
0.2738146375575535
0.27246643173157936
0.27111402360342185
0.269746188285401
0.2683484702442561
0.2669855931015493
0.2656537049755247
0.2643216479720123
0.2629734816972562
0.2616838911224525
0.26037417208005964
0.25906991967125764
0.25779576866151577
0.25647236101882714
0.25519542953097524
0.2539674678093443
0.25266852776854576
0.25142996798730205
0.2502010062774986
0.24893247951442712
0.24771074652422373
0.24649453070010635
0.2452637931112295
0.24407015180627276
0.2428861019746577
0.2416735204053718
0.24046754679875973
0.23930914535253262
0.23816230067212624
0.237011117460255
0.23582398502423124
0.23465417401154923
0.23349551267413263
0.2323848286288245
0.23127547531895787
0.23013372614027489
0.22901538420812256
0.2279118888695805
0.22678432130414033
0.22567797452275729
0.2245871519998563
0.22350772822772402
0.22243878718068882
0.2213849680666625
0.22028873743760227
0.2192499061249678
0.21820840938684624
0.21714802797889976
0.2161181201405915
0.2150803102254113
0.21405631805556474
0.21304494795416287
0.21201190696414057
0.21102229098678665
0.21002916395046328
0.20902127969370246
0.20801670894033472
0.20703170281612623
0.2060817408753277
0.2050918361658079
0.20414739586446404
0.2031942293530129
0.20223681833805768
0.2012911855872313
0.20034338029396567
0.19939909461652422
0.19847597923985377
0.19754877609283344
0.19664022758639688
0.19573921398662816
0.19481497052107424
0.19393029956491042
0.19301082958218793
0.19214540004502115
0.19124176796687486
0.19038488712941587
0.18948793558464025
0.18860253191118287
0.1877549110658269
0.18689717405552742
0.18603885015790253
0.18520518120592477
0.18435027579318042
0.1835225608484793
0.1826719028146915
0.18188777200353157
0.18104231228823936
0.18020231177841792
0.17938835900278588
0.17858187349859114
0.1778000092202205
0.17699268049299602
0.1761990213941259
0.17540867393802617
0.1746262809409183
0.17383945365938275
0.1730808348352817
0.1723194825538401
0.17153659332806395
0.17077601306022905
0.17003948177382394
0.16929148694326018
0.16853959666567336
0.16778180908710913
0.16705181727605525
0.16632473555025368
0.16560542145184637
0.1648663734414429
0.16415145101979567
0.1634203547398168
0.1627241578846731
0.16201555064457113
0.16130902526864851
0.1606134557661391
0.15992205626966557
0.15922622430510835
0.15854271759613867
0.15786145506881274
0.15719828412819636
0.15651237096597112
0.15582809259329505
0.15518434349161486
0.15451906201252957
0.15384022552840315
0.15319329796353148
0.15253782800635202
0.151900791419019
0.15126735372651717
0.15062515225152667
0.14999545128385813
0.14935269240475296
0.1487272718289501
0.14811787103564322
0.14748719872026286
0.14687145001938856
0.14625506025628715
0.1456544186727126
0.14505662727592455
0.14444211922351585
0.1438351807835869
0.1432471553532389
0.14266155059131544
0.14208631151165982
0.14148568803234948
0.14091237192881412
0.1403197438414771
0.13974909834295202
0.1391862260995967
0.13863341809108307
0.13804980919100313
0.1374899181516098
0.13693532171381687
0.13639394456883283
0.13583120522154796
0.13527880647413842
0.13474823607311232
0.13420694799077157
0.13365337740336264
0.13312825200535955
0.1325893017325226
0.13206607842995416
0.13153676881027274
0.1310327631866388
0.13049277082810146
0.12997987301894107
0.12947449948986628
0.12895963645726777
0.12846638900619026
0.1279427799589819
0.12744307210083078
0.12695000471154505
0.12645381901064903
0.12596099959528045
0.1254643270689662
0.12497956099374137
0.12451143929060764
0.12401044842111683
0.12352952447518858
0.12306176951273848
0.12260674159607868
0.12211197232175428
0.12164377082404731
0.12118435816123381
0.1207274647176805
0.12025856190319455
0.11980212228776219
0.11934855003936914
0.11889289256613629
0.11844237231575586
0.11798953283787497
0.11754177022539161
0.11711366440362289
0.11667458939890873
0.1162250983370527
0.11578872539813172
0.11535685234576629
0.11493496058455446
0.11450207499342364
0.11407894906007592
0.11365331961883725
0.11324050935002841
0.1128252772165054
0.11240343617454954
0.1119915013513326
0.11159747869556338
0.11117446286765027
0.11076374225088803
0.11035755097624875
0.10995519150227717
0.1095667585274968
0.10915735444460065
0.10877254128684632
0.10837416342331221
0.10798105991163905
0.10759178935177205
0.10720975627236198
0.10682470377355016
0.10644310087612854
0.10605119071094413
0.10567895344096197
0.10529771023553267
0.10493291428029176
0.10455374971867634
0.10418775240296316
0.1038193946118438
0.10344956313086107
0.10310386100977094
0.10272890782167621
0.10236265880919124
0.10200551769128822
0.10164740309884394
0.10129500778494874
0.10093836196529331
0.10059335004913372
0.10023882103409869
0.09990474373629352
0.09955269986667953
0.09920564802798586
0.0988628468555888
0.0985282199172437
0.09818768373931744
0.09785050070095774
0.09751527573399985
0.09718067622586304
0.09685469255101702
0.09652080184987362
0.09620472409497115
0.0958771061429532
0.09554474534950747
0.09522396901453627
0.09491028010388834
0.09458899265416679
0.09426617388227147
0.09395522140735356
0.09363793065099832
0.09332836557510123
0.09301358244572289
0.09270618977374549
0.09239658069272079
0.09209011993442846
0.09178597533179414
0.0914893867087796
0.09118115550950247
0.0908767426579454
0.09057880213417153
0.0902941632684829
0.08999466354043104
0.08969838896874247
0.08940095902445881
0.08911671484638706
0.08882595055562015
0.0885374141538609
0.08825785368483793
0.08796896029290045
0.08768423436763013
0.08739815057417433
0.08711838325789416
0.0868446955939884
0.08656117465333137
0.08628471622459336
0.08600896783450598
0.08574445573239134
0.08546565354906349
0.08519195315523537
0.08492515090890793
0.08465780324077973
0.08438892520657273
0.08412318860479427
0.08386955435857407
0.08359332148569673
0.08333560817558602
0.08307345942980701
0.08282108491741472
0.0825594675891049
0.08230074096101293
0.08204797547794725
0.0817883333410502
0.08154315494478975
0.08128854120028872
0.08103475102343091
0.08078672527881733
0.08054176753977757
0.08029812723089362
0.08004660623419695
0.07980231857523015
0.07955813682266949
0.07931834407344508
0.0790753573005263
0.07884409024488526
0.07860126232724243
0.07836000130622894
0.07812927053410942
0.07789433589761652
0.07766005756138047
0.07742689514059517
0.07719454518923503
0.07696291051962213
0.07673464433561566
0.0765143562851506
0.07628297261512455
0.07606819814912621
0.07583531964170265
0.07561831013235683
0.07540257129556062
0.07517365318009092
0.0749555175076081
0.07474144094270868
0.07452541543379002
0.0743109880767107
0.07409916565639676
0.07387647533971407
0.07366482567015607
0.07344975515922145
0.07324784280070286
0.07303099905024275
0.0728265977299852
0.07261291618095292
0.07240564370113427
0.07221167575070174
0.071996369031766
0.07178990970171092
0.0715912499974293
0.07138556289274718
0.07118417790849067
0.07098761356176884
0.0707966675176663
0.07058752594984363
0.07038908197275359
0.07020135013199671
0.06999433216062552
0.06980444620233005
0.06961398318663248
0.06941362862819905
0.0692181105967332
0.06903274520360418
0.06884490216667427
0.06864676050435259
0.06845789823368993
0.06826853858402485
0.06808322404229855
0.06789684675222965
0.06770981678921668
0.06753244431643379
0.06733905534346503
0.06715816059252445
0.06697274620433168
0.06680324209660576
0.06661247418534406
0.06642552365151448
0.06625476053718524
0.06607009191522935
0.06589393207516911
0.0657147937696674
0.06554016323873971
0.06536444911429208
0.06518688909894857
0.06501856371807695
0.06484217490294499
0.0646697250369818
0.06449384744020395
0.06432895975963318
0.06415759819406189
0.0639815903432969
0.06381729443888924
0.06365109741790839
0.06348092654608405
0.06331020840617721
0.06315137586602296
0.06297798643571784
0.06281568367456615
0.0626558369491618
0.062487083433813206
0.062324893096392685
0.062161278947653734
0.06200525506616498
0.06183876947539191
0.061687691545317946
0.061521341537141463
0.06136139209228029
0.06120839989204043
0.061045288216632645
0.06089564158104144
0.060737278848356425
0.06058016870610532
0.06042522835213533
0.06027123312849938
0.0601163460899596
0.05996585035396712
0.05981954362690487
0.05966094516711216
0.059512596080001215
0.059360911101866656
0.059210815624410454
0.05906531876417753
0.05891310423759003
0.058762614423224335
0.058615143365053225
0.058476713003588754
0.058321358490528954
0.058177138799938986
0.05803316666128398
0.057884643858238695
0.05773945432590705
0.0575966547962134
0.05745509632994204
0.05731055414347795
0.05717506465492119
0.05702738330205694
0.056890844563259234
0.056751329622827015
0.05660675594554391
0.05646765091616816
0.05633158540924477
0.056194252424816515
0.05605617282860652
0.05591865268709904
0.055780859915626646
0.05565080293875837
0.055508272673911355
0.05537782591937492
0.055245030531110864
0.05510697377117678
0.05497773187292445
0.05484201953092081
0.05471602523276943
0.054577795151187894
0.054450564561168535
0.05432030762691523
0.054186248652836014
0.05405828126738351
0.05392785077403579
0.053803437542549445
0.053671840679345426
0.05354522621696458
0.05341667206766705
0.05329349549186139
0.05316402075423967
0.05304032198692164
0.052917246669927864
0.052789112945061355
0.052667907435044556
0.05254414908120804
0.052419252570007215
0.05229500509517904
0.05217960768790798
0.052052675705926955
0.0519350360903156
0.05180902860273996
0.051691718190721825
0.05157250387914023
0.05145129413127495
0.051335010913053924
0.05121133433449593
0.05109550471577236
0.05097746570584237
0.05086238699027551
0.050747228215978546
0.050628486895313615
0.050510724168101526
0.05039751723200009
0.05028631365140248
0.050166952331685534
0.050054433625210816
0.04994055981496522
0.04983175056739359
0.049712141331927744
0.04960257736993874
0.049492837132742794
0.049376509907057824
0.0492683350907044
0.049157878174107356
0.049047286590939515
0.04893739868136561
0.0488283496674903
0.04871699820356072
0.04861041239990842
0.04850367141189261
0.048390330920235966
0.04828826143794361
0.048176754776611395
0.04807147880973578
0.04796622247917705
0.04786471126465047
0.047753893446636234
0.0476478886573662
0.04754591308366191
0.04743759017822964
0.0473355532343605
0.047232901266154995
0.04713159671474881
0.04702565508060681
0.046925698561415874
0.046820524482794876
0.04672017478508625
0.046619692980956036
0.046518208825543264
0.04641859940152486
0.04631755003867228
0.046217599083850064
0.046116015523684425
0.04602073204406794
0.045922513788192704
0.04581946796636151
0.04572510853117095
0.04562380884522026
0.045528659693511386
0.04542934607412514
0.04533648044827161
0.045235213486843215
0.04514301696227786
0.04504824160622256
0.044953719166117526
0.044854107022387416
0.044760927207551225
0.044668624437318324
0.044571549377070425
0.04447901690855041
0.04438550020661501
0.04429325722697324
0.04419833589394046
0.04410928414118913
0.04401255599215631
0.0439236984059996
0.043831948476393656
0.04373854924171546
1.2461344389155644
1.1934395644576632
1.1582776257057614
1.133452002896611
1.1148603243529462
1.0997816892638603
1.0867596166427724
1.0751142644536358
1.0644795166779126
1.0545478872311458
1.0450884575478887
1.0360473996609736
1.0273106998053663
1.0189580846724864
1.0108871590877495
1.0029732438861962
0.9952260081777345
0.9876858523474492
0.9803257357797321
0.9731188349209903
0.9660628156805555
0.959164947498662
0.9523837027732637
0.9457090965370107
0.9391532225314044
0.9327719595136043
0.9265115387857406
0.9203345840666318
0.9142605543776563
0.9082444503333872
0.9023325619362825
0.8964742367148095
0.8907187958299432
0.8850639389793092
0.8795017943628166
0.8740377721895601
0.8686520145156215
0.8633411861449184
0.8581040555136719
0.8529407806114914
0.8478388522209293
0.8427673425353273
0.837779431928476
0.8328280189400388
0.8279527883665577
0.8231455719670993
0.8184015997994684
0.8137163703134412
0.8091029782199105
0.8045424379171914
0.8000385394954178
0.7955913442961241
0.7911896203147992
0.7868407121068696
0.7825433037488451
0.7783013717853643
0.7741148334934229
0.7699816271042428
0.7658971236769717
0.7618623994782722
0.7578706036351867
0.7539124226294689
0.749996683162629
0.7461241327926871
0.7422844420984306
0.7384800109386448
0.7347128982143515
0.7309826935130989
0.7272890039600655
0.7236336804536441
0.7200165207647236
0.7164357207649309
0.712892930615063
0.7093826307588441
0.7059085528868765
0.7024569698881307
0.6990324098965393
0.6956400805009245
0.692280814952763
0.6889520397660549
0.6856545237600201
0.6823894391747319
0.6791785415108411
0.6759989848286261
0.6728580148586149
0.6697460551142979
0.666662983881741
0.6636080443143098
0.6605795387390292
0.6575682488060367
0.6545801597696935
0.651640036179784
0.6487254321051757
0.6458363108262344
0.6429725329832237
0.6401377718296188
0.6373255369118398
0.6345382480938152
0.6317707505093789
0.6290265884541903
1.006134591205453
1.0003900844415545
0.9952910536838911
0.9905716138039559
0.9861069328688201
0.9818580822028863
0.9778019083018835
0.9738798379323983
0.9700586977627669
0.966332985118152
0.962686675187412
0.959104300048841
0.9555937804676268
0.9521354557582334
0.9487277397665947
0.9453658421512208
0.9420535727844452
0.9387862911039537
0.9355536511854395
0.9323632273540591
0.9292033081247772
0.9260858450813897
0.9230110517686249
0.919972190798837
0.9169664884301749
0.9139952828435663
0.9110599196119464
0.9081548600396826
0.9052743334485878
0.902424138673692
0.8996098145777364
0.8968190103586977
0.894055129160212
0.8913118624071813
0.8885932354137072
0.885903658914316
0.8832393586892531
0.8805987550690738
0.8779901135532615
0.8754162728034031
0.8728674484986897
0.8703407147860314
0.8678368427342268
0.8653459175706923
0.8628656462844659
0.8604051754531291
0.8579625352576496
0.8555228687980404
0.8530924909133681
0.850684246797405
0.848307206514058
0.8459551015766814
0.8436194196972538
0.8413037227568999
0.8390018068124534
0.8367185009235155
0.8344568249495388
0.8322159533059774
0.8299959828811393
0.8277932022824832
0.8256056476641811
0.823431149585081
0.8212652119079663
0.8191170279556479
0.8169889417814589
0.8148845747604161
0.8128018078574212
0.810735237882568
0.8086861930313517
0.8066528128306875
0.8046317260756535
0.8026188688591105
0.8006187326791424
0.7986316469369051
0.7966571345770987
0.7946972231135608
0.7927509614611091
0.7908166727572226
0.7888953732034103
0.7869907404304135
0.7850976817284416
0.7832178668473317
0.7813488956029467
0.779485694964364
0.7776381332071689
0.7758036316982168
0.7739771346658133
0.7721635862523648
0.7703612559879911
0.7685707574005386
0.7667841992088761
0.7650085630270855
0.7632456253974306
0.7614953340513874
0.7597560458841592
0.7580258611926085
0.7563038113678661
0.7545920506035205
0.7528917977659821
0.7512065874410624
0.749533111215867
0.747865424296101
0.7461963680463799
0.7445271324016919
0.7428676504856734
0.7412179967421584
0.7395769400284591
0.7379429567958304
0.736314626303807
0.7346895139342898
0.7330598293367504
0.7314371293924862
0.7298207383443219
0.728215096879842
0.7266172268040942
0.7250080383391578
0.7234127885705499
0.7218255624222725
0.7202455352199889
0.718671984609609
0.7171062758118592
0.7155496015785944
0.7140025388789306
0.7124636424397301
0.7109321499589256
0.7094087877587459
0.70789321558529
0.7063846098904508
0.7048853912378437
0.7033968561080476
0.7019193639070521
0.7004501647769377
0.6989885554539719
0.6975314124039973
0.696079927465172
0.6946350277458253
0.6931968756804572
0.691765119229162
0.6903414523929251
0.6889261365675573
0.6875210910248007
0.6861198232205664
0.6847253161683718
0.6833322969490735
0.6819428260837026
0.6805629079715358
0.6791973197750649
0.6778413021273938
0.6764939097086642
0.6751496802394447
0.6738053148771278
0.6724678848720426
0.6711383454862102
0.6698150085356352
0.6684966723497793
0.6671837615715451
0.665878144658559
0.6645842806061605
0.6632966350263527
0.6620148096478565
0.6607399141871906
0.6594698895522575
0.6582048600488292
0.6569465548905012
0.6556928156116392
0.6544427139522683
0.6531982190154533
0.6519591081555075
0.6507236964692383
0.6494896540791092
0.6482609201006414
0.6470372207883359
0.6458188649868264
0.6446052496523031
0.643393096919812
0.6421830673576449
0.6409760037053277
0.6397734361529168
0.638572999999399
0.6373776368151336
0.6361851176111638
0.6349902247151926
0.6337999667213357
0.6326151397942228
0.6314371507288631
0.630263981832627
0.6290966778452498
0.6279344594325594
0.6267779152244155
0.6256249628250484
0.624476327932718
0.6233314883148722
0.6221908071749659
0.6210532955004024
0.6199186388882608
0.6187873732336133
0.6176596382608515
0.6165346485535539
0.615411840335338
0.6142888905416837
0.613173132513412
0.6120653863343355
0.6109620202435132
0.6098621633712136
0.6087648408897413
0.6076713542461321
0.6065822306985561
0.6054973079447509
0.6044172447982952
0.6033292088814071
0.6022452218464253
0.6011604861713538
0.6000778495100632
0.598999417121141
0.597925292566492
0.5968551021940695
0.5957915013340538
0.5947339755797428
0.593677980633177
0.592624921632093
0.5915735768645427
0.5905267581087493
0.5894834053267274
0.5884470585127994
0.5874151008839754
0.5863899322716307
0.5853697355353916
0.5843515298065924
0.5833271987732475
0.582306851875219
0.5812914464258045
0.5802796043305851
0.5792708634513665
0.5782656341185473
0.5772636075231535
0.576265300111929
0.5752728793567151
0.5742802293953613
0.5732921116580676
0.5723065709970537
0.571324982178751
0.5703463319678455
0.5693710726870446
0.5683987121944926
0.5674286705461783
0.5664615926090276
0.5654971347526688
0.5645348792671943
0.5635755616901386
0.5626225857822522
0.5616717536677316
0.5607252576537451
0.5597812429086055
0.5588404388611552
0.5579015168602152
0.5569628715113849
0.5560257296241772
0.5550875126362722
0.5541527040851001
0.5532218456917656
0.5522934784183239
0.5513676420968986
0.5504448649788184
0.5495228178113469
0.5486046738645147
0.5476892302055609
0.5467777946739966
0.5458686823387922
0.5449650192239851
0.5440631410239677
0.54316457182522
0.5422667119310729
0.5413727045158429
0.5404793160615723
0.5395902673695354
0.5387032026721912
0.5378201138617771
0.5369376712814403
0.5360584890116612
0.5351824757424839
0.5343099967696879
0.5334402320196376
0.5325732388339204
0.5317088743528541
0.5308478447699044
0.5299902149096538
0.5291297590083242
0.5282738822536028
0.5274183340495731
0.5265662179589549
0.5257178638917516
0.5248726546483208
0.5240283554388518
0.5231833774364724
0.522341615432949
0.521502291060021
0.5206647528581586
0.5198303673941351
0.518998591828282
0.5181707581323229
0.5173478983701651
0.5165281197578554
0.5157114259237312
0.5148972982215169
0.5140860651110707
0.5132782987760484
0.5124721198161167
0.511668758581072
0.5108670841607087
0.5100681291317896
0.5092741520677592
0.5084823461659048
0.5076908123348116
0.5068887950952937
0.5060903433120365
0.5052929685593764
0.5044979604449377
0.5037056487875975
0.5029158692126271
0.5021282585624444
0.501343027868934
0.5005601231516476
0.4997805520623935
0.4990026175320067
0.4982261960900758
0.49744318823324984
0.4966637986533367
0.4958855547674595
0.4951089293572784
0.4943356619783151
0.49356358922627475
0.492794952965528
0.49202831201323727
0.4912633776144848
0.49050245188414343
0.48974246420243306
0.4889845090663502
0.4882284560836111
0.48747303931687713
0.48672047700752763
0.48596938229745007
0.4852203789687246
0.48447427172808843
0.4837291713083565
0.48298679377786125
0.4822465983303923
0.481507682886165
0.4807714820219183
0.4800355131410774
0.47930199919043254
0.4785703063658155
0.477839429569499
0.47711068402571405
0.4763835787851677
0.47565776602372833
0.4749355783682475
0.4742147751574762
0.47349598762599987
0.47277869359176833
0.47206253976037016
0.47134875973084733
0.4706378606916101
0.4699282990043074
0.46921960887999814
0.46851366821910523
0.46780878333469805
0.467106152026445
0.4664042458686708
0.465704170949442
0.4650060760894044
0.46431013559077516
0.4636159110985118
0.46292415412975957
0.4622338259555308
0.46154454184116733
0.46085702235607134
0.46017248109862435
0.45948851543835334
0.45880658633291926
0.45812675205875236
0.45744763558265983
0.45677165230398414
0.4560972185509764
0.45542435846525453
0.4547542091539725
0.45408498250123197
0.45341708892414506
0.4527507250072926
0.45208632630845413
0.45142361627332767
0.4507532787399089
0.4500847257905968
0.4494168962583628
0.44875080114939003
0.4480877204081487
0.4474263599695049
0.44676812128258314
0.4461127495622207
0.4454586160652472
0.44480746552356
0.44415737070772443
0.44350857152364237
0.44286279822202695
0.4422180385307799
0.44157773618632934
0.4409387625407954
0.4403016277587271
0.439665987014982
0.43903207990190346
0.4384002618474268
0.43777035084763344
0.43714197833878554
0.4365156640028248
0.43589016055969443
0.4352691893328041
0.4346494262078459
0.4340321113005739
0.43341584978125236
0.43279966256611035
0.4321856526962621
0.4315724596239823
0.4309607477331628
0.43034911572221446
0.42973812237664955
0.42912944768059297
0.4285216134073685
0.42791550950336493
0.427311036826275
0.4267076968247896
0.426105720257163
0.42550611905022895
0.4249067563362748
0.42430871700673983
0.4237129830334201
0.4231187651643345
0.422524987863175
0.4219341407472025
0.4213434874490807
0.4207554132040761
0.420167090322626
0.4195807610108109
0.41899584417517166
0.4184110566523757
0.4178290813904351
0.4172473148251459
0.4166674431281909
0.4160886740667315
0.4155111094432876
0.4149356607361208
0.4143610780274179
0.41378628066244527
0.4132144031790184
0.412643665617225
0.41207296327036225
0.4115048055167801
0.4109366722750734
0.41037109839045954
0.40980587055247003
0.4092427633481356
0.40868037070822827
0.4081213198123311
0.40756301924958793
0.40700556961262285
0.40645108107666067
0.4058966928130273
0.40534332728652084
0.40479203309899797
0.4042419071284483
0.40369235455207003
0.40314550101364965
0.4025986593335878
0.40205398702623285
0.40151027067449785
0.4009681108919703
0.4004276931905821
0.3998881994194162
0.3993490883416057
0.3988128272969306
0.39827652548862147
0.39774139151401006
0.39720738432834896
0.3966748471287651
0.3961442007567229
0.3956150256594363
0.3950853100692225
0.3945588549543256
0.3940319820058051
0.39350636086598034
0.3929804078104099
0.39245590163921834
0.39193357329643475
0.39141189370262225
0.3908913354389846
0.3903727075252362
0.3898535716592917
0.3893364549515837
0.3888203762435387
0.388305290131427
0.38779128820109793
0.38727787259937163
0.3867681680841644
0.38625608754748314
0.38574761125670987
0.38523816691335544
0.3847279544041248
0.38422058136389936
0.38371309589748437
0.38320744168794274
0.3827010087362988
0.3821971138592842
0.38169327726202845
0.38118952857650856
0.38068754704755964
0.3801855358986421
0.3796867495933738
0.37918736532241554
0.37869059170170155
0.37819353421292395
0.377693875274992
0.3771886977597669
0.37668431036953604
0.37618069188954195
0.3756764259695471
0.3751637765597833
0.3746523261853729
0.3741422969841871
0.3736340257899878
0.3731266787276053
0.3726228533469874
0.37212001591493177
0.37162006116216895
0.37111975956828747
0.3706206179220865
0.3701220444245708
0.3696255058909534
0.36912841157421034
0.3686324947963374
0.36813808133651227
0.36764522581349013
0.36715303008959665
0.36666373239459865
0.3661746109226297
0.36568640378852124
0.3651993514441415
0.36471342329309187
0.3642285972925174
0.36374466213225315
0.3632596870223959
0.3627762420711316
0.36229371582598063
0.36181351774379567
0.36133363968829696
0.36085318134595723
0.36037232072342307
0.3598943930763965
0.3594185676778739
0.3589431450156016
0.35846856084918594
0.3579959920818589
0.3575250162702787
0.3570515669414509
0.35657990450537624
0.3561102826207047
0.3556406348539195
0.35517246092748206
0.3547046258056211
0.3542384003878698
0.35377031889948335
0.3533043196889286
0.35283993123320073
0.35237627327741294
0.35191376814265124
0.3514520950415513
0.3509905451047994
0.3505298706646959
0.35006896980707103
0.349611025731171
0.3491546207078773
0.34869768644689025
0.3482405579115733
0.3477839006478842
0.34732676729244105
0.34687035573737396
0.3464141981722049
0.3459600056383189
0.34550624024406423
0.3450540735797299
0.34460382983758586
0.3441534331859376
0.3437047748144033
0.34325684755568214
0.34280989501914855
0.34236762345204863
0.34192250396548224
0.3414795255447977
0.3410383758152106
0.3405975696138454
0.34015839580466833
0.33971981792210815
0.3392822416730957
0.3388455042737083
0.33840818113428733
0.33796646501561467
0.3375267716221144
0.3370894176313807
0.3366532774026624
0.33621932724924763
0.3357861067813695
0.33535268382054695
0.33492186153570047
0.3344906600599698
0.3340619676010024
0.33363103876832145
0.3332038699233877
0.3327772748331572
0.3323499732123083
0.33192422776235914
0.33150186431280293
0.3310781541411349
0.33065528532480587
0.3302338221179473
0.32981262733715055
0.3293911959897177
0.32897329140641307
0.3285540078790271
0.32813572449449635
0.3277194239296985
0.3273012542367224
0.326885253192594
0.32646895114276386
0.3260546293034623
0.3256416650043218
0.325227288363771
0.32481449404594437
0.32440343426108054
0.3239917814417475
0.32358146625292583
0.32316977037029365
0.32275509522987034
0.32234197815300825
0.32192872079880247
0.3215160104905336
0.3211051718740342
0.32069441985716096
0.32028539894450403
0.31987684185882037
0.3194691866443339
0.31906284511696065
0.31865739212539596
0.3182528272389812
0.3178489109214297
0.31744573162602696
0.3170442569147521
0.31664186652433735
0.31624109705779946
0.3158407016861703
0.31544015078140025
0.3150415841896374
0.3146417492821775
0.3142445107862205
0.31384867517869264
0.31345154269564307
0.313056076423864
0.3126621022317119
0.3122688502672048
0.31187473968020385
0.3114820285272879
0.3110894157085335
0.3106971518957737
0.3103045226338295
0.30991410639660394
0.3095228434239566
0.3091333991214715
0.3087441931913491
0.3083561220007642
0.3079684726122043
0.30758119463196865
0.3071969854416064
0.3068102392982538
0.3064260784325775
0.3060429040245036
0.3056594946345506
0.305275988807159
0.30489452463527866
0.30451295206199935
0.3041310186670122
0.30375017323913706
0.30336944358730794
0.30298886463834374
0.30261073667331384
0.3022317255748765
0.30185204443718006
0.3014736299012329
0.3010951951204007
0.3007164044604996
0.3003383004062531
0.2999624132802422
0.2995856070307527
0.29920973355866765
0.298835554500834
0.2984606533649361
0.29808823140692775
0.29771538298963196
0.2973429469319531
0.2969713526202681
0.29659996885272466
0.2962291054516085
0.2958585861659298
0.29548821475804077
0.2951196964367976
0.29474993782187
0.29438177701119567
0.2940146992791223
0.2936476373405888
0.29328115966450663
0.292915417302386
0.29255075420374044
0.2921858585646653
0.2918221033847917
0.2914583178536879
0.2910966637893745
0.2907341238310369
0.2903744637444504
0.2900133207986472
0.28965516809182906
0.28929522965133425
0.28893721863409194
0.2885790535455164
0.2882230533944012
0.2878658708788439
0.28751150777939394
0.28715660374513746
0.2868021970313181
0.2864487968293862
0.28609598909996964
0.2857433752658898
0.285391643899443
0.2850399010189736
0.28469020077357654
0.2843392627587016
0.2839906998811518
0.2836413432361133
0.2832933410186485
0.282946007764906
0.2826000110291657
0.28225359387917687
0.28190765224972875
0.2815620282730913
0.28121647799207805
0.2808721461873171
0.28052876650018016
0.2801850352032142
0.2798422873763354
0.2795011796076528
0.27915670352413113
0.2788138524408435
0.27847097426679196
0.2781297140155065
0.27778911960192004
0.2774492246466154
0.27711031562082783
0.2767711330253425
0.2764330840159633
0.2760956055513028
0.27575869727767216
0.275422153367579
0.2750866199323651
0.27475203250067914
0.27441705635756203
0.27408261095453523
0.2737495860219264
0.273416276284532
0.2730848738705115
0.2727528989152431
0.27242190563683866
0.2720909411557106
0.27176129339191063
0.27143207951458154
0.27110425213803246
0.27077638893725053
0.2704498453839337
0.2701230776935405
0.2697980907567656
0.2694721916752423
0.26914903811178775
0.2688238365464236
0.2685018609142655
0.26817878617374474
0.2678570668239035
0.2675352712705766
0.26721460573952915
0.26689439601238635
0.26657438841253855
0.26625543983255145
0.2659371544123487
0.2656189163403859
0.26530051744559296
0.26498415736310366
0.26466749233315257
0.26435233548176723
0.2640356159675006
0.26372169404455814
0.26340659699084495
0.26309359211723354
0.2627799604589694
0.262467757675212
0.2621549683066489
0.26184440327277037
0.26153409221432367
0.261223438104822
0.2609139428902013
0.2606045562698932
0.2602963577074722
0.2599889186717816
0.25968024790539734
0.2593732648628795
0.2590660615289362
0.25875927832258144
0.2584526910609695
0.2581461643522761
0.2578423229842165
0.25753728043941015
0.2572336420161007
0.2569300104993066
0.25662696571974836
0.2563249514960918
0.25602329066564294
0.2557221690436254
0.2554211737240418
0.25512026012593636
0.25482087902550876
0.25452106670993857
0.2542227797801307
0.253924472110564
0.2536262093405822
0.25332896826075424
0.2530318706411473
0.25273536360356663
0.2524391727980923
0.25214357695423595
0.25184766291879623
0.25155310225414074
0.25125824702101424
0.25096480082538
0.25067134877763503
0.2503780609718176
0.25008498907395366
0.24979258979956992
0.24949901719283146
0.2492071291601786
0.24891539340308952
0.2486257559742132
0.24833560761249432
0.2480465681279837
0.24775828473814993
0.2474701517704841
0.24718309931165305
0.2468955251057277
0.24660995130265898
0.24632434865485264
0.24603795340008325
0.2457529239466418
0.24546838474620042
0.24518551350375817
0.24490221788423475
0.24461861818296257
0.24433649301736854
0.2440544921408491
0.24377293075075174
0.24349079298260437
0.24321085686776886
0.24292975472730136
0.2426496678269217
0.24236891133043992
0.24209036525995925
0.24181132331399144
0.24153234002396212
0.2412534777884038
0.24097621613108158
0.24070026099860775
0.24042168189044857
0.2401450337561706
0.23987042686149787
0.23959351455919384
0.23931852448437205
0.23904264165505917
0.2387699478675764
0.23849460001369568
0.2382207330620859
0.2379474243139017
0.23767542582192797
0.23740306565413416
0.23712981505950087
0.2368586980573295
0.23658727417825012
0.23631760509157315
0.23604677609659933
0.2357774175690182
0.23550742051855147
0.23523938836804462
0.23496994876493324
0.23470249244659214
0.234435355721288
0.2341696880722801
0.23390163701989364
0.23363631290931794
0.23337050887282937
0.2331061377385005
0.2328407941163087
0.23257565666991306
0.23231290276960653
0.23205125666251963
0.23178867345804674
0.23152668278793806
0.23126530336707146
0.23100523881063434
0.23074563447648064
0.2304852590304414
0.2302254892321077
0.2299663041589924
0.2297085724149233
0.22945067044532785
0.22919193745189015
0.2289346922399683
0.22867741806753453
0.22842197918576357
0.2281659567327001
0.22790871626817447
0.2276539248438044
0.22739870290558958
0.22714464260048758
0.22688984081486943
0.22663525339653942
0.22638248979626518
0.22612911202093827
0.2258764078411849
0.22562472481337903
0.22537147554786244
0.22512043077975677
0.2248705231279102
0.2246180745628003
0.22436844787042173
0.22411730665637172
0.22386844568822803
0.22361995522634942
0.2233698243386224
0.2231214382985939
0.22287231614360184
0.22262572203568534
0.222378236431176
0.22213116608633246
0.2218842706415828
0.22163737692978075
0.22139325692550033
0.22114665726415247
0.22090043051088426
0.22065634082544744
0.2204122622405311
0.22016879441027326
0.21992381034380223
0.21967995720645123
0.21943507672594106
0.2191911560189768
0.21894793322450248
0.2187026641989
0.21846018362812916
0.2182162379833922
0.21797491122180643
0.2177317463240396
0.21748996419382793
0.21724787915788815
0.21700692166735674
0.21676774396254184
0.21652604838948958
0.21628622925281377
0.2160461326368397
0.21580711796344695
0.21556926966905474
0.2153302669104955
0.21509159857268512
0.21485422773888643
0.21461695949863066
0.2143801704291208
0.21414326680133908
0.21390703981619136
0.2136710782157823
0.21343577808479172
0.21320094219496868
0.21296543381197966
0.21273093703279147
0.21249656978439468
0.21226353288298846
0.2120300893984858
0.2117960187208555
0.21156305780290624
0.21133006754786426
0.2110993057673766
0.21086624139926016
0.21063477357852772
0.21040237524823965
